71409
71603
71801
72001
72196
72395
72596
72795
72999
73196
71410
71604
71802
72002
72197
72396
72597
72796
73000
73197
71411
71605
71803
72003
72198
72397
72599
72797
73001
73198
71412
71606
71804
72004
72199
72398
72600
72798
73002
73199
71413
71607
71805
72005
72200
72399
72601
72799
73003
73200
71414
71608
71806
72006
72201
72400
72602
72800
73004
73201
71415
71609
71807
72007
72202
72401
72603
72801
73005
73202
71416
71610
71808
72008
72203
72402
72604
72802
73006
73203
71417
71611
71809
72009
72204
72403
72605
72803
73007
73204
71418
71612
71810
72010
72205
72404
72606
72804
73008
73205
71419
71613
71811
72011
72206
72405
72607
72805
73009
73206
71420
71614
71812
72012
72207
72406
72608
72806
73010
73207
71421
71615
71813
72013
72208
72407
72609
72807
73011
73208
71422
71616
71814
72014
72209
72408
72610
72808
73012
73209
71423
71617
71815
72015
72210
72409
72611
72809
73013
73210
71424
71618
71816
72016
72211
72410
72612
72811
73014
73211
71425
71619
71817
72017
72212
72411
72613
72812
73015
73212
71426
71620
71819
72018
72213
72412
72614
72813
73016
73213
71427
71621
71820
72019
72214
72413
72615
72814
73017
73214
71428
71622
71821
72020
72215
72414
72616
72815
73018
73215
71429
71623
71822
72021
72216
72415
72617
72816
73019
73216
71430
71624
71823
72022
72217
72416
72618
72817
73020
73217
71431
71625
71824
72023
72218
72417
72619
72818
73021
73218
71432
71626
71825
72024
72219
72418
72620
72819
73022
73219
71433
71627
71826
72025
72220
72419
72621
72820
73023
73220
71434
71628
71827
72026
72221
72420
72622
72821
73024
73221
71435
71629
71828
72027
72222
72421
72623
72822
73025
73222
71436
71630
71829
72028
72223
72422
72624
72823
73026
73223
71437
71631
71830
72029
72224
72423
72625
72824
73027
73224
71438
71632
71831
72030
72225
72424
72626
72825
73028
73225
71439
71633
71832
72031
72226
72425
72627
72826
73029
73226
71440
71635
71833
72032
72227
72426
72628
72827
73030
73227
71441
71636
71834
72033
72228
72427
72629
72828
73031
73228
71442
71637
71835
72034
72229
72428
72630
72829
73032
73229
71443
71638
71836
72035
72230
72429
72631
72830
73033
73230
71444
71639
71837
72036
72231
72430
72632
72831
73034
73231
71445
71640
71838
72037
72232
72431
72633
72832
73035
73232
71446
71641
71839
72038
72233
72432
72634
72833
73036
73233
71447
71642
71840
72039
72234
72433
72635
72834
73037
73234
71448
71643
71841
72040
72235
72434
72636
72835
73038
73235
71449
71644
71842
72041
72236
72435
72637
72836
73039
73236
71450
71645
71843
72042
72237
72436
72638
72837
73040
73237
71451
71646
71844
72043
72238
72437
72639
72838
73041
73238
71452
71647
71845
72045
72239
72438
72640
72840
73042
73239
71453
71648
71846
72046
72240
72439
72641
72841
73043
73240
71454
71649
71847
72047
72241
72440
72642
72842
73044
73241
71455
71650
71848
72048
72243
72441
72643
72843
73045
73242
71456
71651
71849
72049
72244
72442
72644
72844
73046
73243
71457
71652
71850
72050
72245
72443
72645
72845
73047
73244
71458
71653
71851
72051
72246
72444
72646
72846
73048
73245
71459
71654
71852
72052
72247
72445
72647
72847
73049
73246
71460
71655
71853
72053
72248
72446
72648
72848
73050
73247
71461
71656
71854
72054
72249
72447
72649
72849
73051
73248
71462
71657
71855
72055
72250
72448
72650
72850
73052
73249
71463
71658
71856
72056
72251
72449
72651
72851
73053
73250
71464
71659
71857
72057
72252
72450
72652
72852
73054
73251
71465
71660
71858
72058
72253
72455
72653
72853
73055
73252
71466
71661
71859
72059
72254
72456
72654
72854
73056
73253
71467
71662
71860
72060
72255
72457
72655
72855
73057
73254
71468
71663
71861
72061
72256
72458
72656
72856
73058
73255
71469
71664
71862
72062
72257
72459
72657
72857
73059
73256
71470
71665
71863
72063
72258
72462
72658
72858
73060
73257
71471
71666
71864
72064
72259
72464
72659
72859
73061
73258
71472
71667
71865
72065
72260
72465
72660
72860
73062
73259
71473
71668
71866
72066
72261
72466
72661
72861
73063
73260
71474
71669
71867
72067
72262
72467
72662
72862
73064
73261
71475
71670
71868
72068
72263
72468
72663
72863
73065
73262
71476
71671
71869
72069
72264
72469
72664
72864
73066
73263
71477
71672
71870
72070
72265
72470
72665
72865
73067
73264
71478
71673
71871
72071
72266
72471
72666
72866
73068
73265
71479
71674
71872
72072
72267
72472
72667
72867
73069
73266
71480
71675
71873
72073
72268
72473
72668
72868
73070
73267
71481
71676
71874
72074
72269
72474
72669
72869
73071
73268
71482
71677
71875
72075
72270
72475
72670
72870
73072
73269
71483
71678
71876
72076
72271
72476
72672
72871
73073
73270
71484
71679
71877
72077
72272
72477
72673
72872
73074
73271
71485
71680
71878
72078
72273
72478
72674
72873
73075
73272
71486
71681
71879
72079
72274
72479
72676
72874
73076
73273
71487
71682
71880
72080
72275
72480
72677
72875
73077
73274
71488
71683
71881
72081
72276
72481
72678
72876
73078
73275
71489
71684
71882
72082
72278
72482
72679
72877
73079
73276
71490
71685
71883
72083
72279
72483
72680
72878
73080
73277
71491
71686
71884
72084
72280
72484
72681
72879
73081
73278
71492
71687
71885
72085
72281
72485
72682
72880
73082
73279
71493
71688
71886
72086
72282
72486
72683
72881
73083
73280
71494
71689
71887
72087
72283
72487
72684
72882
73084
73281
71495
71690
71888
72088
72284
72488
72685
72883
73085
73282
71496
71691
71889
72089
72285
72489
72686
72885
73086
73283
71497
71692
71890
72090
72286
72490
72687
72886
73087
73284
71498
71693
71891
72091
72287
72491
72688
72887
73088
73285
71499
71694
71892
72092
72288
72492
72689
72888
73089
73286
71500
71695
71894
72093
72289
72493
72690
72889
73090
73287
71501
71696
71895
72094
72290
72494
72691
72890
73091
73288
71502
71697
71896
72095
72291
72495
72692
72895
73092
73289
71503
71698
71897
72096
72292
72496
72693
72896
73093
73290
71504
71699
71898
72097
72293
72497
72694
72897
73094
73291
71505
71700
71899
72098
72294
72498
72695
72898
73095
73292
71506
71701
71901
72099
72295
72499
72696
72899
73096
73293
71507
71702
71902
72100
72296
72500
72697
72900
73097
73294
71508
71703
71903
72101
72297
72501
72698
72901
73098
73295
71509
71704
71904
72102
72298
72502
72699
72902
73099
73296
71510
71705
71905
72103
72299
72503
72700
72903
73100
73297
71511
71706
71906
72104
72301
72504
72701
72904
73101
73298
71512
71707
71907
72105
72302
72505
72702
72905
73102
73299
71513
71708
71908
72106
72303
72506
72703
72906
73103
73300
71514
71709
71909
72107
72304
72507
72704
72907
73104
73301
71515
71711
71910
72108
72305
72508
72705
72908
73105
73302
71516
71712
71911
72109
72306
72509
72706
72909
73106
73303
71517
71713
71912
72110
72307
72510
72707
72910
73107
73304
71518
71714
71913
72111
72308
72511
72708
72911
73108
73305
71519
71715
71914
72112
72309
72512
72709
72912
73109
73306
71520
71716
71915
72113
72310
72513
72710
72913
73110
73307
71521
71717
71916
72114
72311
72514
72711
72914
73111
73308
71522
71718
71917
72115
72312
72515
72712
72915
73112
73309
71523
71719
71918
72116
72313
72516
72713
72916
73114
73310
71524
71720
71919
72117
72314
72517
72714
72917
73115
73311
71525
71721
71920
72118
72315
72518
72715
72918
73116
73312
71526
71722
71921
72119
72316
72519
72717
72919
73117
73315
71527
71723
71922
72120
72317
72520
72718
72920
73118
73317
71528
71724
71923
72121
72318
72521
72719
72921
73119
73318
71529
71725
71924
72122
72319
72522
72720
72922
73120
73323
71530
71726
71925
72123
72320
72523
72721
72923
73121
73324
71531
71727
71926
72124
72321
72524
72722
72924
73122
73325
71532
71728
71927
72125
72322
72525
72723
72925
73123
73326
71533
71729
71928
72126
72323
72526
72724
72926
73124
73327
71534
71730
71929
72127
72324
72527
72725
72927
73125
73328
71535
71731
71930
72128
72325
72528
72726
72928
73126
73329
71536
71732
71931
72129
72326
72529
72727
72929
73127
73330
71537
71733
71932
72130
72327
72530
72728
72930
73128
73333
71538
71734
71933
72131
72328
72531
72729
72931
73129
73334
71539
71735
71934
72132
72329
72532
72730
72932
73130
73335
71540
71736
71935
72133
72330
72533
72731
72933
73131
73336
71541
71737
71936
72134
72331
72534
72732
72934
73132
73337
71542
71738
71937
72135
72332
72535
72733
72935
73133
73338
71543
71739
71938
72136
72333
72536
72734
72936
73134
73339
71350
71544
71740
71939
72137
72334
72537
72735
72937
73136
73340
71351
71545
71741
71940
72138
72335
72538
72736
72938
73137
73341
71352
71546
71742
71942
72139
72336
72539
72737
72939
73138
73342
71353
71547
71743
71943
72140
72337
72540
72738
72940
73139
73343
71354
71548
71744
71944
72141
72338
72541
72739
72941
73140
73344
71355
71549
71747
71945
72142
72339
72542
72740
72942
73141
73345
71356
71550
71748
71946
72143
72340
72543
72741
72943
73142
73346
71357
71551
71749
71947
72144
72341
72544
72742
72944
73143
73347
71358
71552
71750
71948
72145
72342
72545
72743
72945
73144
73348
71359
71553
71751
71949
72146
72343
72546
72744
72946
73145
73349
71360
71554
71752
71950
72147
72344
72547
72745
72947
73146
73350
71361
71555
71753
71951
72148
72345
72548
72746
72948
73147
73351
71362
71556
71754
71952
72149
72346
72549
72747
72949
73148
73352
71363
71557
71755
71953
72150
72347
72550
72748
72950
73149
73353
71364
71558
71756
71954
72151
72348
72551
72749
72951
73150
73354
71365
71559
71757
71955
72152
72349
72552
72750
72952
73151
73355
71366
71560
71758
71956
72153
72350
72553
72751
72953
73152
73356
71367
71561
71759
71957
72154
72351
72554
72752
72954
73153
73358
71368
71562
71760
71958
72155
72352
72555
72753
72955
73154
73360
71369
71563
71761
71959
72156
72353
72556
72754
72956
73155
73361
71370
71564
71762
71960
72157
72354
72557
72755
72957
73156
73362
71371
71565
71763
71961
72158
72355
72558
72756
72958
73157
73363
71372
71566
71764
71962
72159
72356
72559
72757
72959
73158
73364
71373
71567
71765
71963
72160
72357
72560
72758
72960
73159
73365
71374
71568
71766
71964
72161
72358
72561
72759
72961
73160
73366
71375
71569
71767
71965
72162
72359
72562
72760
72962
73161
73367
71376
71570
71768
71966
72163
72360
72563
72761
72963
73162
73368
71377
71571
71769
71967
72164
72361
72564
72762
72965
73163
73369
71378
71572
71770
71968
72165
72362
72565
72763
72966
73164
73370
71379
71573
71771
71969
72166
72363
72566
72764
72967
73165
73371
71380
71574
71772
71970
72167
72364
72567
72765
72968
73166
73372
71381
71575
71773
71971
72168
72365
72568
72766
72969
73167
73373
71382
71576
71774
71972
72169
72366
72569
72767
72970
73168
73374
71383
71577
71775
71973
72170
72367
72570
72768
72971
73169
73375
71384
71578
71776
71974
72171
72368
72571
72770
72972
73170
73376
71385
71579
71777
71975
72172
72369
72572
72771
72973
73171
73377
71386
71580
71778
71976
72173
72370
72573
72772
72974
73172
73378
71387
71581
71779
71977
72174
72371
72574
72773
72976
73173
73379
71388
71582
71780
71978
72175
72372
72575
72774
72977
73174
73380
71389
71583
71781
71979
72176
72374
72576
72775
72978
73175
73381
71390
71584
71782
71980
72177
72375
72577
72776
72979
73176
73382
71391
71585
71783
71981
72178
72376
72578
72777
72980
73177
73383
71392
71586
71784
71982
72179
72377
72579
72778
72981
73178
73384
71393
71587
71785
71984
72180
72378
72580
72779
72982
73179
73385
71394
71588
71786
71985
72181
72379
72581
72780
72984
73180
73386
71395
71589
71787
71986
72182
72380
72582
72781
72985
73181
73387
71396
71590
71788
71987
72183
72381
72583
72782
72986
73182
73388
71397
71591
71789
71988
72184
72383
72584
72783
72987
73183
73389
71398
71592
71790
71989
72185
72384
72585
72784
72988
73184
73390
71399
71593
71791
71990
72186
72385
72586
72785
72989
73185
73391
71400
71594
71792
71991
72187
72386
72587
72786
72990
73186
73392
71401
71595
71793
71992
72188
72387
72588
72787
72991
73187
73393
71402
71596
71794
71993
72189
72388
72589
72788
72992
73188
73394
71403
71597
71795
71994
72190
72389
72590
72789
72993
73190
73395
71404
71598
71796
71995
72191
72390
72591
72790
72994
73191
71405
71599
71797
71997
72192
72391
72592
72791
72995
73192
71406
71600
71798
71998
72193
72392
72593
72792
72996
73193
71407
71601
71799
71999
72194
72393
72594
72793
72997
73194
71408
71602
71800
72000
72195
72394
72595
72794
72998
73195
